35.5526485443,1.3944375000
35.7126262188,1.3923750000
35.8699088097,1.3906875000
36.0303659439,1.3890000000
36.1816215515,1.3871250000
36.3362164497,1.3852500000
36.4918205738,1.3830000000
36.6451537609,1.3813125000
36.7991340160,1.3801875000
36.9526827335,1.3788750000
37.1073591709,1.3779375000
37.2624781132,1.3768125000
37.4188356400,1.3760625000
37.5755989552,1.3738125000
37.7338118553,1.3723125000
37.8928995132,1.3689375000
38.0526449680,1.3665000000
38.2140095234,1.3638750000
38.3762373924,1.3612500000
38.5370149612,1.3593750000
38.6955292225,1.3571250000
38.8485088348,1.3552500000
39.0015988350,1.3531875000
39.1557729244,1.3513125000
39.3105978966,1.3496250000
39.4654135704,1.3483125000
39.6226911545,1.3468125000
39.7785611153,1.3455000000
39.9347002506,1.3441875000
40.0964746475,1.3428750000
40.2469172478,1.3417500000
40.3974032402,1.3408125000
40.5481314659,1.3398750000
40.6986093521,1.3387500000
40.8492190838,1.3372500000
41.0007350445,1.3361250000
41.1527729034,1.3350000000
41.3043913841,1.3338750000
41.4562695026,1.3325625000
41.6083204746,1.3316250000
41.7604587078,1.3305000000
41.9133021832,1.3297500000
42.0667386055,1.3293750000
42.2203028202,1.3291875000
42.3734681606,1.3288125000
42.5266778469,1.3286250000
42.6800260544,1.3286250000
42.8259656429,1.3280625000
42.9796962738,1.3278750000
43.1337580681,1.3275000000
43.2879045010,1.3271250000
43.4421186447,1.3263750000
43.5961518288,1.3261875000
43.7505321503,1.3261875000
43.8983235359,1.3260000000
44.0532779694,1.3245000000
44.2084133625,1.3218750000
44.3641698360,1.3211250000
44.5196437836,1.3203750000
44.6753666401,1.3201875000
44.8315343857,1.3209375000
44.9795203209,1.3211250000
45.1277160645,1.3218750000
45.2762167454,1.3222500000
45.4245562553,1.3211250000
45.5724442005,1.3203750000
45.7205972672,1.3196250000
45.8762786388,1.3183125000
46.0320856571,1.3181250000
46.1878180504,1.3175625000
46.3467092514,1.3175625000
46.5042719841,1.3173750000
46.7420468330,1.3168125000
46.9093995094,1.3162500000
47.0752491951,1.3156875000
47.2378411293,1.3151250000
47.3956403732,1.3143750000
47.5513694286,1.3141875000
47.7096855640,1.3134375000
47.8743383884,1.3126875000
48.0358626842,1.3123125000
48.1933255196,1.3117500000
48.3514897823,1.3115625000
48.5065655708,1.3110000000
48.6617066860,1.3104375000
48.8168768883,1.3106250000
48.9700386524,1.3102500000
49.1361889839,1.3100625000
49.2950901985,1.3096875000
49.4512867928,1.3095000000
49.6061322689,1.3091250000
49.7667901516,1.3093125000
49.9376630783,1.3093125000
50.0871593952,1.3096875000
50.2344694138,1.3096875000
50.3818683624,1.3093125000
50.5313661098,1.3083750000
50.7052309513,1.3070625000
50.8653118610,1.3072500000
51.0200772285,1.3070625000
51.1686100960,1.3070625000
51.3168289661,1.3070625000
51.4649775028,1.3068750000
51.6234238148,1.3063125000
51.7831065655,1.3061250000
51.9429147243,1.3051875000
52.1002001762,1.3046250000
52.2582900524,1.3033125000
52.4160833359,1.3025625000
52.5765357018,1.3014375000
52.7343053818,1.3012500000
52.8936548233,1.3008750000
53.0535533428,1.3012500000
53.2027704716,1.3014375000
53.3537254333,1.3016250000
53.5034875870,1.3018125000
53.6620016098,1.3021875000
53.8193061352,1.3025625000
53.9954626560,1.3025625000
54.1649396420,1.3033125000
54.3218791485,1.3033125000
54.4784927368,1.3036875000
54.6369602680,1.3036875000
54.7859835625,1.3036875000
54.9364166260,1.3036875000
55.0924463272,1.3036875000
55.2530572414,1.3040625000
55.4121556282,1.3040625000
55.5728771687,1.3042500000
55.7271113396,1.3046250000
55.8909449577,1.3048125000
56.0442883968,1.3050000000
56.1956987381,1.3053750000
56.3485550880,1.3055625000
56.4992783070,1.3055625000
56.6518311501,1.3061250000
